15.83285742930464
16.42851044662394
16.530088939034613
16.987455967730146
16.23306757643048
15.828986872604613
17.634150766777655
17.772200934334304
16.23543023109255
15.461813807239023
14.600437844267965
15.04604712923752
14.807872588730847
14.041476276235933
16.405047411632225
14.411622475123918
14.518979077452164
16.427341767811463
14.31696372577797
14.760554020988023
15.360946731152142
14.042963545028153
15.042308563170993
13.968928502787481
14.086397019767759
15.719412745180893
14.278561620545256
14.538332141715495
14.213941225743067
16.08575199385146
14.772501314213741
14.102664128752311
13.688021172798916
14.084991414616896
13.868622082467024
13.561908798374363
13.972168048048875
17.157225362026622
15.707828814762841
15.507603314175997
14.734023849490656
15.081103755796939
13.457713285965058
14.629131875366907
15.88627048937782
14.106981228696348
14.25007221829789
15.541844598846408
14.108038683174877
14.093856894872305
14.15088108173828
14.352135965308072
15.78682877424783
15.353218074489744
15.513341828345684
15.244308601307111
14.688439308291938
15.750243620244932
14.998905177944195
15.705625661108552
13.714866723055959
14.289289835564608
14.654557174407383
14.771638191454011
14.663346979901823
17.08700629630575
18.542687532297506
14.907120529239414
15.034849720363551
16.427801941181116
15.015379421233328
15.209622120813984
14.262816292623057
14.917134572905644
15.729226684364525
12.478124843918355
14.30053222900717
13.773249292084985
15.371066490928847
14.364877194467713
15.065408909782079
15.213944829758233
13.243102839199764
15.657282248320612
14.892936933117912
16.523418039107266
15.601712043762486
14.970593967781975
13.755951371799828
14.954788287340175
15.541520708719274
15.384318826776639
14.525594141186016
17.44998751883662
15.123047002474353
15.044084163125534
15.594330841748679
14.058582434852747
15.245085923143208
16.12742192913141
15.625738345897174
15.440316762821
14.513985997009712
14.80326440521914
13.819605378764
14.182573309788037
15.131988998683811
14.267331163850553
15.163232673849567
13.744298873352745
15.223729924211824
14.397357632096739
12.95341328653168
13.578402442661409
14.91580201179118
15.517361211630567
13.298182387228387
14.99359598487705
15.778276621402236
14.294615527774988
13.88079300385188
14.115271003553476
14.704234831251608
15.03092152521312
14.863868914380825
14.184340822845135
16.69919384776369
14.28874666069537
15.202852016243439
14.45683066476033
14.976026002983607
14.50921192409415
15.268083697062297
15.070546066958109
14.39550700499008
15.163531375083194
15.104435337785368
15.409496608950155
14.824769925255442
15.595941790706407
17.949003117107477
14.6300152810304
14.550921211424331
15.660837838470258
14.786533784710977
14.978254918013077
15.43448729721449
14.05478986181903
15.579816835408465
13.801015507967339
16.280885087836054
14.271599610471354
16.16283118904368
16.357539694166235
15.481621934930507
13.522526403362116
13.581951301362999
13.414909453612387
14.934743068446993
16.305627505510145
15.43051306152707
15.181934077920657
14.445183588670266
14.043373132087758
15.308452492706
13.598648317516503
14.831223994379824
15.32358342159098
14.652900177874505
15.461847319553206
16.015173039307417
15.874102382199249
13.806413815717827
14.034968858316338
14.060781115834224
15.733588603769315
14.382302984841328
15.901495596641773
16.10319618702831
14.979913369699416
16.144104629921664
15.432193476858998
15.581171610342896
16.08076092162012
14.68574087271185
15.184026158784727
14.975434942642602
15.734995782785637
15.279724278109349
14.707221840520292
14.148660053517252
15.200279311225792
14.376762144830428
14.303656227427716
15.009974072448783
13.687343083328305
13.918145548725079
14.302453825715983
14.265350750533475
14.203958490270635
15.452731495902666
14.530379895944714
14.26062783818903
13.535828647289598
12.934143300930499
14.655473002614398
14.525109517996128
14.29107008650138
14.647719017682004
13.80113156235285
14.662259518775326
13.674012358277485
14.451131970912968
13.966094931585108
14.350303762094129
13.003557752288025
13.386366212560858
13.061473620624076
13.254803189917082
14.925901867264816
13.5108046590073
14.006684230586307
14.959375791001458
14.463015233396344
14.888033507050682
15.118605930294992
13.768698375918357
13.74441180411684
15.322537890094859
15.079999871265382
15.556607028141917
14.46320212298026
13.98080148697606
14.736733325340854
14.795068071945916
14.302553441795006
14.56698141599557
14.195510118174022
13.896561601909998
14.418504268567117
13.895773344668234
14.074835092599496
15.032089401425319
16.288296365621576
13.857416898236492
16.371750531560625
14.268110972958743
15.66802876939253
16.748857869828523
11.683558036034414
15.232852394650715
15.123220705513384
15.468545717693006
16.112464324525483
15.66005701520305
15.294514210204108
15.914631212782517
14.731373087135625
14.54666132104941
14.673370905755611
16.568614992477812
13.62183434376464
16.446035194004807
14.315992232028032
16.928670339073886
15.063068664244323
14.634211251071354
16.344287837877204
15.589275866112406
14.691497979690206
14.411375815170452
16.690743886720277
13.624538633305395
14.601550712950305
15.674712234367922
14.782769982398294
15.347529220116943
15.241416492073075
15.813176106762503
14.916707941568198
17.663334270055415
14.065730294425618
14.14772654120625
14.62965456386743
13.976887488010211
15.997987207388006
15.305971434862629
14.704608984735465
15.88787156954625
13.3691499717745
15.138965098939885
15.47416299182369
14.23638800058363
14.737373647895366
14.392932921346027
13.902777175612037
15.493580564914943
15.502797381433608
14.601804014594574
15.501069733310397
15.225314053315719
14.403060407086157
14.931535816396789
14.84517096627705
14.913269568708838
18.30917958101458
15.567945995585621
15.362791883375259
14.611755485238998
15.148994956595361
14.84775283594894
15.241699877997824
15.170195578596278
14.558892184425172
15.33335787761458
15.509343686175475
14.515026428848191
13.823323660796877
16.239860427056918
14.704524704044793
14.27773427750225
15.214931439227525
14.812557683515179
13.25681370169154
15.030145478034756
14.367182357902728
14.842143907410932
14.068280895272123
15.654670050131806
13.806034120864245
14.447035932046985
14.758133794497182
15.441372841504817
15.245865260259686
16.04399614249578
13.256487337702529
14.333641665199039
15.542610279210908
16.701155660092937
16.98266158246424
15.199578995171427
15.091651647296915
15.551882536454636
16.468228076865437
16.645731674697732
14.675143807442216
13.586555449110307
14.07628405098513
14.815085681005073
15.860105147853627
14.753658210068842
17.99481744277656
15.479412364292681
15.661053349200468
15.65158403665577
14.917761131401054
16.991064656471515
13.693989076949824
15.703040728451345
14.976110317339238
14.697244809202852
14.071005766433982
13.847314648318987
15.434984497693687
15.967545363356242
16.557393940016066
14.8986962070316
15.301406821647747
15.901237599599702
14.357334781957535
14.734559856060804
15.27870829517433
15.540551498824032
15.366376323969142
15.127711373879796
15.321207692765487
15.404925594089104
15.10794042435985
15.385547001218498
13.439206356857067
15.395934342544152
14.85931092774499
16.79267931669809
15.972991278951351
14.529840686394781
16.45420628125998
14.66313994203473
16.77450776458944
15.152244161672453
14.022189311058764
16.0807069550114
14.535814186007695
15.733690255306106
13.881775903950786
14.45475712856131
13.908953114800301
14.261910436508018
13.844721505053842
13.84346821697997
15.407171437502736
14.87061699251026
14.931992088241556
15.376104143482234
15.53639438226179
13.736671963367229
14.397242167189361
15.159500262063341
16.19928497996596
13.480510578811746
14.368977084545826
14.552225987991768
14.924186541746034
14.408686631882631
15.408869632790445
14.130307539260038
14.390746765768302
13.863724367847658
16.862212047074877
14.423086447191002
14.948476537403176
15.211487766599639
15.108609674923228
14.479747371551513
15.10326827691043
16.881945812445696
14.616371944946968
17.219179082917126
13.816921062996894
14.54378058995604
15.464156765772538
16.233453568445917
14.899452118741586
14.5071041004216
15.78873035811608
14.508238950925465
13.496482234527237
15.25338165596217
14.625794128934196
16.90596777324964
15.278732516146869
15.149958957982378
14.491637611324787
13.881592888373325
15.328838967801275
14.72703480587759
13.731688682893902
14.239016530937832
15.713603138702197
15.02993935710272
16.537326985119876
16.351107746052495
13.755602183272561
16.369993919914855
14.602526025517465
14.086692495760676
13.892283169235865
15.94676777038513
15.198859101730745
14.851431830139735
13.792825910039337
15.820008966703291
13.330039291676293
15.01476361287447
14.953814504150673
15.296576984826663
13.77420126332057
14.92774575472797
16.389602646939252
14.970547735238462
14.920392416785589
15.643329544080915
14.875910863596683
16.223235073624185
13.957402439634086
17.10383412467386
16.51942657053192
14.426050391118556
14.935679046719473
15.3069921681351
14.265167109249525
15.065412060596683
15.287651003303662
16.23154973486635
15.358115089018552
15.83366502817922
14.609869128429574
15.692358404269285
16.52217077309386
14.269633108112977
15.191738525591719
13.769401431934837
16.038721447855163
16.369670776706315
14.582436565562306
14.678759618911187
13.961262413119329
15.052444331758425
14.760785325195767
14.261338310926062
15.206286590567606
16.46291060932235
16.88674857607976
14.190305074880541
16.050258836140298
15.212684210387167
16.842181485566105
13.851954347711574
16.68681828519224
15.7786860372078
15.596666064595784
14.703482806442173
14.480786089911815
13.978777870490653
14.705323756334325
15.806058000127738
13.575326665658302
15.223814283361644
13.775780906713067
14.702132660133985
14.75363509764796
15.673205533157471
13.384317653063054
14.423871087813888
14.595280274498283
15.751825045910028
16.28312195405982
15.620047393565393
