18.050034116878717
16.41745027549274
16.538617308940427
13.346272067453553
16.956031005815575
13.550925407090178
15.106900224581235
15.25687577189002
14.929726942735622
14.111446321515476
14.084651904261902
15.87294229958171
15.0048214981039
16.368651657307808
15.759968071795287
17.551239485986724
17.434797083509313
18.867829204584233
16.018814532870135
17.884886247595404
18.31270167963304
16.42204984329415
20.60798096494128
28.087866362152045
21.41937668267676
23.772860507415356
20.074803601998642
18.652143452332307
18.446041597870682
19.588462303771205
17.25870533744412
16.672842396875115
15.072545510263751
14.221965485602745
14.477144877032035
17.92024115796463
14.178809302551091
15.72518176361727
14.875795179372911
16.826096932458647
16.47112303994107
14.95622015730573
15.374800238988184
14.205102235261181
15.365796467461434
15.387821189758743
15.546111787784804
14.240748655715645
13.086477847809395
13.950638619790944
15.019854287486659
15.894591341676088
13.458874388068386
13.034489756082479
14.186910435215198
13.433275674831156
16.05463649585285
13.85866162510087
15.001142423027435
16.42814083451817
14.800147291926711
13.232215926062706
14.847834123993392
17.750093436459878
15.255079789876227
14.850424269164376
14.76668225047201
13.423743051013187
14.980225939534048
16.066226610967792
14.642220414469357
14.693417691919878
15.725710055104669
15.539543260324512
15.782133852919284
15.99493585319912
15.159449340241187
11.843231046400826
15.309950553079517
14.185535356273183
17.327916480425333
14.787925573923442
14.856342521544986
16.020266902244384
14.79024823149535
14.988663651003653
13.693266236392228
16.57250751094372
16.12738095527759
14.932221105091193
14.476244015783209
15.508066524492824
16.99079314057852
15.500982283663168
14.907452941815725
15.295332272604117
15.966224913099094
15.642456656871682
15.269941923789007
15.286209209676962
15.021694556341796
15.191060915168475
14.821499594593828
15.326327275532076
14.487368351142113
15.424681248070303
16.722794076076344
15.81436716677755
15.625095561836151
16.28217840576368
13.090976752053269
14.633342354040968
14.474049704046738
15.942928893465025
14.910296208997067
16.364706380546693
16.18744149888494
15.52774072584159
14.951009213500743
13.52990518132126
15.712571975551079
13.743467767059613
15.995601600710332
15.379188794505154
