18.073438889877682
15.448181805226575
15.470910115394425
16.8386559519898
15.570613706714326
16.612712052273846
13.794069463359147
16.362853758964924
18.21554764736119
15.86151249826064
15.395466462083625
16.44961929176478
17.552555868256952
14.750098412022322
16.36103734911161
15.27492339836086
14.483094386149366
14.463500091807356
14.815195385985824
15.292753871088392
14.67173053973242
13.21256028264832
15.849061913430457
15.289748148392343
15.337999712801114
14.942342558247239
14.657757287120411
14.241003003583137
15.079067763887723
14.47539125611911
13.928135117832642
15.684973193503456
13.506732763895814
13.847846422782522
15.719076158410724
15.806013728763162
15.23705135276351
13.845226602958022
16.350543264873636
14.914090933841184
14.816911009998085
16.45071842771132
13.915715314475598
14.799028321040916
14.03401768281725
16.2324559838069
14.51285468228285
15.68401267611632
14.947296859187588
14.941668560117318
13.218603176705086
15.125795446907922
14.93541633224163
14.520792868057509
14.910796470155633
16.58259961136733
14.037849121643761
15.945987064947385
14.867961967327503
14.78682922862994
15.69777348672412
14.638739241057507
16.665116806839976
14.812704003674062
13.582684113767922
14.442280423848699
13.966259191239045
15.430993874362837
13.61267027732966
16.61105087148833
14.698079310672087
14.977733758322325
15.970699434121967
14.604232543451488
14.844107866934824
14.823400131940243
14.637221712404777
14.081458091833492
16.82837583863222
12.705506196109429
15.478423225634774
15.900347911517581
14.64990830766147
13.940287755122137
14.065433196924387
14.293636769103221
14.187933942674098
13.868442633209138
13.79068824855162
14.453267575947716
15.21727589987659
13.977697087465149
16.221675272093783
15.396894328131502
13.97416573960106
13.617441861516497
13.48317345885537
13.40511762255094
15.05304100114159
15.589988134903646
16.53230430915381
13.870145875605619
16.70443318350545
16.3188533578792
14.423552741680336
14.26201574048716
15.389944069992174
15.046128964180786
14.915311223910184
15.071057168566842
16.02291673908476
14.611023954489644
15.286408032289437
13.21288389505981
14.638156727616066
13.409204113062446
14.285001746839024
13.67571922556619
16.74530163319216
14.622757650762281
15.948422186409353
15.322453628333266
14.404920786389576
16.341802543163908
15.013399778927914
12.415628525818738
14.670262887549798
15.415630589804632
14.952359291546312
15.482029457694338
14.165601164744205
14.927797816152543
15.933751772466746
14.3721013338089
15.136579221166828
15.961573258561375
16.650699739160686
16.5364159356648
15.959717766849653
13.413888499683079
14.29311037741571
15.416279964797843
14.99594708910416
15.590697038894254
15.679332194851357
15.197969190369898
14.659360009406315
14.774501773543877
14.499979876187528
15.462977526157742
15.770675634233909
14.685725897957857
14.703271514710828
14.923650658934825
14.550984896430867
15.103698577642216
15.227554556189487
13.176505070100207
16.348472014302796
15.72154550479676
16.240423034469742
14.580068769755702
13.423807550592745
15.86286422270159
15.726576781308864
15.5505455594273
15.162369446119026
14.351956429935951
15.363506123640116
13.535773730286746
14.741988770924294
14.544317969125197
13.768199669749341
16.49496338651579
12.66928635778838
14.749415802869455
15.60157584971743
15.249413403443745
14.114187531194553
14.480922429684043
15.486804759018195
14.74181849268913
14.865098251768384
15.806689570455843
15.444960872704002
13.702916619618767
13.666559742604111
13.678458750196775
14.220503326345796
15.692024345508084
15.100684536632606
15.109211253361366
14.745087444135784
14.577129977532781
15.212610878575399
15.377305499918993
15.69278263489113
14.670684132729725
15.15513732910354
15.367296322903425
14.953437460448407
14.419305098115291
14.602309078597282
14.27061949186854
14.129399894991362
15.576689767808833
15.090477567576231
15.126390627006215
14.643758277448502
14.43531501765459
15.206146999929226
15.46161812869867
14.43197363977159
14.936110947607704
16.021568313628382
14.158483440774123
15.53985044581073
15.24293381166476
13.999812806091963
