16.697735801707108
16.598834788882506
17.65054443482396
16.287565145237757
16.540116272170376
18.261717201456115
17.511873517918072
16.977687859170135
18.525458870272526
15.73317225678768
16.923803209430144
16.16375145492518
16.754136265101437
18.115545353571964
17.26068667777069
19.25182049528826
18.066608845614265
18.370125681139886
18.323681782525124
18.53828772954597
17.287627074923073
18.16477278495135
16.942873648625493
16.990354229668643
18.246213650552228
17.55172927283591
20.067577628311362
19.6632789685556
18.886499726731437
19.317159186227393
19.49243140875776
18.64716892544963
18.06591794307775
19.229725232759446
18.143326162938536
18.83330839610472
17.841751429784335
17.50665790259496
17.595725276359374
18.8337394922337
19.60928308957951
16.67019858273128
19.303476268338667
18.927583212053214
17.928202775649755
18.561787176801044
19.152905114071224
18.302915246644346
18.915194682107742
18.682453844194885
19.78702481267993
18.88438400352109
18.5435514984388
16.754654227336413
18.97889496848309
16.427570802381116
19.08248156668752
19.761048894686116
17.502723494931857
19.33619577488947
17.28211948042445
20.05991787954914
18.425957967017247
16.975364518055816
15.957295901464807
17.717624713237928
18.74537395920274
20.268281840646704
20.178694875361032
18.931060509296913
18.86837559440999
18.21525046504788
15.823575668215872
18.73025342958024
19.26941380210238
18.427146055710864
19.792475891387205
20.23591552701877
17.24830452045641
18.05997007324061
20.28816555909275
19.426806399637766
20.031605232775714
19.820176568791275
19.69861578846501
19.387838839622773
20.895111898840632
16.23578929941966
19.292294682896205
19.51157142860447
19.411945233426447
18.00027105397628
18.73541860699149
17.978073280792348
19.655724146693036
20.390442645775803
18.430195594367632
20.266293361528078
19.418217833156938
18.64080973553305
17.4433647320282
17.944759103968998
18.178309165783425
17.82246623027295
19.059524850660985
16.70499910813417
19.565064529771046
19.620354259168828
17.500194523294137
19.05888924978338
19.74021132822139
19.09497483062701
21.414390239224208
20.22248364229246
17.349771781829254
19.975777982110525
18.93168064421506
16.37569836341511
19.39203858371859
18.654106291894887
18.96538225332267
16.87382891194862
20.62786830189502
18.364297621530515
20.045881142503347
20.018683358962882
18.004317795678844
21.032209454374346
17.824788276745505
19.172558234400213
18.97481278343881
19.318338724457547
16.519436005779966
17.29759294673538
18.430320614418395
18.765093745238293
18.99674774986012
19.721286125840965
20.31951760780891
18.755967689115504
19.099619757304545
19.86359454236658
17.71231187360914
18.834586266320827
18.50840713416788
19.49925499235999
17.315965547763632
20.291702165276828
17.570185430728753
18.40307198360216
19.774497268817903
17.931191703623824
17.17855004747504
19.169269451754193
18.44195823545963
18.09044296295333
18.673147991768612
17.521241041032958
20.09653902800581
18.672603865174498
17.17158049467705
18.695215844199176
19.83174128318416
17.467183291680957
19.758163028747358
20.60271217726313
19.0199072368324
18.983774331177052
19.195868178678985
19.963484638166136
19.95118981388587
20.200897471639525
19.048389939157605
17.558645087969616
17.249125801234424
18.163840809150575
17.74277155441386
18.082387291333053
18.092166842889267
16.94514696469901
18.80949654684427
16.993156081713977
18.324830821717416
16.264706916486386
18.413320099438252
19.669204211244164
19.915582458852114
19.059238587426808
17.987042329173725
18.047657175608432
19.557635599576194
19.523168902636023
18.585313143421256
19.339559570057986
18.4966971785466
19.233775787127495
19.54783779258813
16.001349287091724
18.265850118465007
17.977940799358873
18.260651980213698
17.38036132216095
19.046298058027023
18.193405602598464
17.43568736582205
17.602348775641484
19.144780985210414
19.554057105097215
19.482295224530752
19.31320867263041
19.437105765517494
18.130132222472202
17.89122025789945
19.529527932140745
19.698683816388144
20.356348666476972
19.588681156659845
17.888310300025
18.271469788248705
18.802275466777342
17.310770927191488
19.16961388757539
18.79700666823545
21.017584362440868
17.384174692954947
19.256919881054195
17.66581563648035
16.470004521153243
17.043772571557327
16.697046543262395
21.210311070057713
18.834482125508902
18.19696398699144
18.446821581838922
19.74873843862133
18.583916672690805
19.43735348922428
16.79895036668027
18.106816257795202
19.704329678285156
17.152673734311797
18.264266193164396
20.681240911394813
17.64623401973921
18.561026735058096
17.228553903158137
18.125762343717753
18.655958339062668
16.631889152438468
18.262853436750184
17.857436449061396
18.62749425953392
