15.865974912718572
18.138148514816248
18.3858433484929
17.713189698284225
18.485402674469004
17.33129183821653
18.574382680595516
20.039834767923733
18.432181646790916
17.725073421440086
19.39751063052003
18.81840530593089
18.409259316351623
18.663323403179103
18.87958760257472
17.670659834859396
18.189753821561
19.79273102958119
18.085898862842583
18.630101010533764
21.08302275437959
18.755442842185857
18.364571147757125
18.776164492237037
17.157584796743425
17.834645064920238
18.80577454929831
17.403710422162074
18.166066428420958
17.058307256724195
19.650364670939975
18.941665233766678
18.945552658195698
17.691825008315696
18.50071654493611
17.93819507627547
18.40795993508235
19.345540889813535
19.965420379208776
18.45756202980045
19.393090892326946
17.85640789907212
18.129305521363683
19.316515047324955
20.24439578761425
19.37622510974645
16.778161843157203
19.20847021817697
18.24678704325032
20.104182578733337
19.64255554858132
17.5389422773122
19.694314687749817
19.323596630195432
19.16958479871102
18.376910285595518
17.7356401004938
20.539514037753257
19.944048041486056
17.53461346023037
17.400934112931658
19.15785692360322
18.842523623865084
17.99028993811243
16.903311132450817
18.521818892451318
19.36320483978855
16.677315505649414
16.960279632406372
17.626990274368737
17.88320816749981
19.20239321206131
20.293012428156235
18.253040535432454
18.254890405766986
19.637590341711938
17.763458624525178
18.90885095028791
19.21465336880588
17.777553890929035
18.070876037578806
15.517774562505341
16.371920662133974
16.683877778529652
17.179127223175712
15.831537651069427
18.501658794813096
16.531571444842587
17.927581313125582
17.356833101795537
18.2274054405164
20.023732256121534
19.547136205841245
19.932369703129268
15.936676742861753
20.124049972169395
17.284186274194496
19.49315377348114
18.696605580413436
16.711843756222642
19.483616643952253
18.573792214380415
19.884077621486878
20.30925129993586
15.888921561921455
17.314883261361153
17.739069378781625
18.277908867533423
20.281207047189117
19.63681028688809
19.351703056084848
19.46792711981408
17.95008253319269
17.219341733652115
18.596106958238014
17.75756823172647
18.129077076610624
19.103535632341934
19.562693201097908
19.019330347833915
19.907144883338187
19.475129873429825
17.102436705053822
17.967861315889156
17.447889721919292
18.855488706976026
16.990871716123877
19.44890158670812
19.566657952681272
18.86842239693342
20.53997993106317
19.782988399398747
19.071564205707496
17.876595315420456
18.852601265949932
18.128528384124444
17.974251405998302
19.075593453354465
21.04451109915605
18.070827216646435
17.649306699624915
18.270502305632366
19.730171078242044
19.2085836791567
19.482277446089995
18.34254000567425
17.586357813098353
18.336201594005402
19.647520440284485
18.68084342688405
19.154709792923757
19.298740332304344
17.968718596855545
16.333608334614865
19.316484618575544
18.627711071163457
18.316907006711567
17.30263388596148
17.29476951351272
18.730318690082896
17.683290988508627
18.786557784080546
17.47109192369349
17.473273544230853
16.942370541238915
17.751861208502806
17.675812126805354
17.318044096846997
17.957449428769742
17.421200955401773
19.06442448281513
19.285434235347598
19.900715801787143
20.148701202822604
20.569655461854403
19.197863202291263
18.70078075358509
16.9952204195529
19.05796582334065
18.729437759655973
17.8227006827105
16.020265131605164
16.79416681841422
15.927950359410074
16.29449409694915
16.961556382856056
18.01468539438352
16.454545741346198
17.500822302284536
17.78113389497653
18.789487017010256
17.996641441041298
18.655571028464585
19.129785357202213
19.384987802816468
17.470969599407546
19.04046431126411
18.69837876974175
19.665016028377398
17.30079680659028
16.991976948832633
17.402046036689647
15.329299632594296
17.5823253094021
17.34285397253848
17.750021640521084
18.610858747973424
16.6111992015079
18.14889578194608
21.45815336997252
18.19273254932675
19.915974822729787
18.21841881667984
17.480365664891586
19.015973259620747
18.911491558994854
18.513942262840207
19.912966910979847
19.317056971186382
17.19927636587302
20.16525742391584
18.086756948344878
18.75677425287885
18.46789425462978
16.487895255308377
16.706468815206502
19.524991120910986
17.8510713040233
18.65905368482186
18.202559551948895
17.83083329400006
19.096662843763415
17.763310478324712
19.373369222817832
16.381130145049223
19.563589523210826
17.750827874794368
20.763138653989053
20.673027197688846
17.68265987583757
19.304265463637293
16.291998109812145
18.984800785353166
17.98119836509064
16.93261767408687
14.494431998626611
15.59405432693203
16.97931952750365
16.176838747574212
18.79987268226161
17.525828239707455
20.45874771193774
18.475995307266167
19.361998048904375
19.416600151494002
19.761906253177543
20.01022403402005
18.78411107431956
18.11092011399677
18.472164333076577
20.03732229135805
19.500495959797217
14.153549917370873
16.389401694627317
17.75631184464333
16.256641026150074
16.90159715140545
14.643133679582087
15.239852346094954
15.742677798570021
15.554615644446042
17.466212551524766
17.260368647096616
18.423663194915115
19.35309702491567
17.86606280057545
18.9411054192041
19.809319460384266
18.94064064236109
17.908663961309458
18.807504187138154
20.55799018689969
16.598790621360664
17.70368738805411
19.596775605824433
19.1653425516629
17.955089998272843
17.46529643756298
17.55201532355221
17.097098404964143
17.888646825889047
16.55710754667697
17.085760708683953
17.264001732767927
19.279144491184027
18.384235723775337
16.481445065831256
17.88524694085287
18.701407995934748
18.512141416263525
18.303960276255037
18.664267781899397
19.760494662820815
17.363547777318413
17.44186358573695
19.32602478426411
15.874094123088698
17.69545553381314
18.412872569585243
17.900414745862008
18.58107743182323
17.847498381531263
19.274601956259872
18.696893420426232
18.919886127688994
17.06924306475984
18.363286867223994
18.462048114484226
18.97532506827193
16.766514031456154
16.25619014263766
16.329568574639904
18.16277826282078
19.617031088303854
